Heartrate,BP_Systolic,BP_Diastolic,Respiratory_Rate,Temp,Sleep_Duration,Steps,Active_Minutes,Water_Intake,Weight,BMI,Age,Oxygen_Level,Blood_Sugar
65,116,77,12,36.6,8.5,8831,92,1.38,92.9,21.3,50,94,98.5
59,138,71,15,36.8,8.5,9101,65,2.18,55.7,27.3,49,97,76.8
84,121,81,15,37.3,8.2,7283,179,1.15,91.4,34.6,46,97,103.0
60,112,74,12,37.5,8.1,13465,18,2.33,83.2,18.5,24,93,86.3
70,132,84,18,36.8,7.9,14206,160,1.01,96.2,28.9,61,92,95.3
87,120,75,15,37.4,6.6,12023,84,1.51,76.5,25.2,26,91,73.3
51,132,84,17,36.9,7.8,5287,105,2.71,79.6,24.2,46,95,91.4
61,130,87,15,36.8,7.3,4933,105,3.02,87.1,24.2,40,90,102.2
71,125,73,17,37.0,7.7,10835,15,1.22,88.3,34.6,26,92,79.5
55,128,83,13,36.6,5.3,14252,42,1.55,98.7,29.4,21,95,88.4
64,110,79,15,37.2,8.8,8280,78,1.78,64.6,21.0,29,91,116.7
75,136,86,12,36.9,5.3,9350,72,1.0,91.8,23.7,32,99,108.2
55,111,85,19,37.2,7.6,14564,33,1.24,52.9,29.0,65,93,126.5
83,137,73,19,37.3,6.7,11579,55,1.51,61.1,19.1,44,96,132.3
82,133,85,17,36.8,5.9,9379,64,2.12,68.5,20.0,27,92,124.5
64,115,81,17,36.9,6.0,13215,39,2.51,70.1,18.8,34,90,78.7
75,121,88,12,37.5,7.1,9438,57,3.17,91.4,21.9,37,92,108.9
87,131,83,18,36.6,5.3,7616,64,2.27,54.3,33.4,35,94,83.8
79,129,80,19,36.6,8.6,2161,167,2.75,93.9,30.6,66,98,130.5
96,138,88,16,36.8,8.8,5404,40,2.21,68.2,31.9,38,92,125.1
57,120,79,12,37.1,7.0,8094,94,3.1,58.1,31.6,63,95,116.4
84,139,78,12,37.4,6.8,1931,50,2.48,99.5,21.6,47,93,83.4
91,123,81,18,37.4,5.2,11472,11,2.77,51.6,22.0,51,99,132.1
61,132,74,16,37.0,7.5,1990,170,2.48,55.7,33.9,22,95,77.4
69,131,77,17,37.3,5.3,13571,107,3.21,66.8,24.1,38,92,109.5
63,117,88,13,37.2,8.2,4824,64,2.55,91.7,19.3,40,90,100.4
54,130,85,19,37.2,5.6,5607,164,2.78,89.2,29.4,35,90,82.5
80,125,89,18,37.0,7.1,14017,115,2.4,90.5,24.8,28,91,107.1
99,120,75,15,37.2,6.2,2524,34,1.96,70.1,28.6,19,91,86.6
97,132,71,16,37.2,7.9,9796,121,3.1,81.0,34.6,42,96,111.8
90,119,71,15,36.6,7.5,3991,163,2.94,53.3,27.5,31,90,76.7
72,136,76,19,36.9,6.5,4915,127,1.95,99.6,28.8,20,91,99.8
51,122,81,16,37.1,7.6,8689,139,1.32,67.3,34.0,59,94,111.1
91,110,74,18,37.4,8.6,10316,41,2.38,75.9,30.2,58,95,139.2
79,126,82,12,37.3,6.9,6601,164,1.76,55.2,21.2,47,95,139.3
91,111,76,17,37.1,8.2,13759,45,2.07,52.1,32.1,44,96,91.5
52,115,75,19,36.7,8.9,7043,18,1.69,64.9,29.8,52,97,75.1
74,135,78,14,37.3,5.8,1868,147,2.79,55.3,23.9,18,91,136.8
84,123,88,16,37.3,5.2,1424,34,2.29,99.5,29.3,52,93,120.8
53,130,73,18,36.5,5.0,11376,96,3.35,94.9,21.9,66,91,107.3
75,128,77,18,37.4,7.3,6755,15,2.36,91.6,20.5,24,97,89.1
92,119,84,17,37.1,9.0,11946,31,3.25,67.9,27.3,22,97,114.5
92,127,71,18,37.0,7.0,4536,23,2.4,57.3,23.6,57,90,115.5
74,121,75,13,36.7,8.4,3394,67,1.99,88.2,34.0,40,96,93.5
75,113,83,15,37.5,7.7,8358,168,1.45,50.6,23.8,24,97,119.3
95,131,70,17,37.4,6.7,5291,71,2.59,59.0,27.7,25,97,90.1
71,133,84,19,36.9,5.3,13397,91,1.32,89.9,29.8,63,99,77.8
97,139,78,18,37.4,6.0,14735,175,2.22,94.5,34.8,63,95,137.9
63,117,84,15,36.9,7.2,11636,83,3.38,90.4,33.0,21,99,128.6
87,128,86,15,36.7,5.6,3335,37,1.97,77.9,27.7,51,99,86.2
73,122,77,17,36.8,7.1,1409,58,1.8,64.1,34.9,46,90,70.6
80,113,75,14,36.9,7.0,4522,36,2.38,55.6,27.6,21,97,124.5
75,133,72,12,37.2,7.0,1589,37,1.56,62.6,29.6,59,92,128.6
77,113,89,16,36.7,5.0,11736,48,2.23,96.4,29.9,65,95,117.7
73,120,87,14,37.0,6.5,11786,44,1.94,56.6,24.9,21,95,131.0
56,115,79,15,36.8,8.5,11963,133,3.14,96.7,29.2,20,95,98.3
78,114,76,19,36.6,8.9,2719,136,1.25,98.2,29.9,69,99,99.4
63,125,74,16,37.5,7.2,9177,89,1.33,76.5,18.7,23,93,115.6
58,133,70,17,37.1,8.9,2523,64,2.53,52.0,27.0,25,98,86.5
75,134,76,18,36.8,8.7,6477,14,3.23,96.9,24.0,28,99,70.8
79,136,86,12,37.4,8.3,11489,132,1.88,84.3,26.2,53,90,72.3
52,116,85,18,36.5,8.9,14666,124,2.74,92.3,23.1,21,91,72.4
56,137,81,15,36.5,7.9,3326,149,2.6,90.0,20.0,51,91,125.1
72,110,89,17,36.8,5.8,9982,120,2.7,81.0,34.5,44,92,97.9
63,134,73,12,37.2,6.9,8240,62,1.85,54.2,34.4,39,90,117.1
55,138,76,14,36.8,5.8,13805,19,2.32,74.3,21.0,23,94,91.0
57,126,72,12,37.5,5.3,10552,74,1.78,67.9,28.5,61,95,81.6
59,116,86,15,36.5,6.8,3235,10,3.28,87.3,34.0,61,96,80.6
66,112,83,13,37.4,6.1,14045,67,3.06,75.2,30.1,63,91,91.5
64,116,83,14,36.6,7.8,11937,165,1.47,86.0,29.8,60,95,81.5
91,125,86,14,37.1,7.6,11282,167,1.21,84.4,33.8,36,93,123.8
61,116,82,12,37.2,5.6,2409,92,1.85,67.9,26.8,60,97,126.5
65,113,71,17,36.8,8.6,7814,97,2.96,79.1,23.0,37,96,91.2
71,125,77,18,37.4,8.4,1595,53,2.14,77.9,34.4,56,93,113.9
68,135,83,19,37.0,8.5,3168,99,2.95,50.8,20.9,54,90,128.6
72,127,83,16,37.0,6.2,7512,48,1.44,59.8,28.4,23,96,108.5
54,114,82,17,36.7,8.9,13293,16,3.04,69.4,30.2,64,93,125.2
71,138,89,17,36.5,8.5,13031,139,2.02,81.2,33.4,45,99,99.7
98,113,88,18,36.9,6.5,7376,149,2.5,87.9,29.0,63,92,103.7
61,117,89,12,37.4,5.4,11439,125,2.19,76.4,24.6,33,95,83.9
70,122,74,16,36.7,8.7,9884,28,1.22,74.8,18.6,44,93,137.9
55,139,72,19,36.6,6.2,7469,20,1.66,78.6,20.2,68,96,126.2
89,131,71,16,37.4,8.7,13018,11,2.36,90.3,21.1,36,90,103.2
67,135,77,17,37.0,5.5,4426,79,1.32,56.1,33.7,19,93,81.0
82,113,81,17,36.9,5.3,4488,18,3.32,61.9,25.4,21,96,107.7
97,120,78,15,36.6,9.0,7732,167,1.63,95.2,26.4,53,95,125.3
54,136,80,14,37.4,7.2,2613,141,2.21,88.5,32.0,45,91,89.7
70,132,77,17,36.6,8.3,9400,155,2.66,51.8,27.7,34,96,72.3
79,127,85,17,36.9,6.0,2278,89,1.92,95.5,18.9,41,98,73.5
74,119,89,19,36.8,8.4,9539,84,1.71,99.6,26.1,67,90,78.7
55,136,79,17,36.9,7.7,1601,163,1.78,58.2,19.1,50,96,113.4
79,134,72,17,36.8,5.1,8413,15,2.05,61.1,21.1,37,95,81.9
70,128,81,16,37.0,6.2,5800,176,2.91,62.5,32.9,43,99,136.0
93,117,88,15,36.6,8.6,1785,175,1.48,78.0,26.9,69,99,91.0
91,138,84,15,36.5,8.9,11804,35,3.44,86.8,19.8,20,90,138.4
71,136,78,14,37.3,5.5,7216,56,2.55,74.3,24.9,67,97,99.5
90,127,73,14,37.5,6.1,6490,99,2.82,83.5,28.7,51,96,71.1
98,111,75,12,37.2,5.9,3317,58,1.0,55.8,22.2,39,99,126.8
67,110,77,16,36.6,7.4,4760,77,1.72,65.8,19.7,41,94,117.3
62,110,88,13,37.2,5.9,13207,85,1.29,52.1,34.4,63,94,136.0
62,121,82,13,37.5,7.7,3812,42,1.71,74.8,32.2,35,91,136.1
93,117,76,17,36.8,6.5,13223,85,1.64,90.0,35.0,31,98,107.9
74,127,73,16,36.6,5.4,4833,138,1.08,88.7,33.1,36,94,98.0
54,113,71,15,37.5,6.2,7069,147,1.07,55.6,33.2,67,99,98.9
54,134,80,17,36.9,5.8,4528,56,2.75,65.4,24.1,27,92,96.1
86,134,78,15,37.1,5.7,14900,32,2.75,50.0,28.1,57,99,127.3
51,136,79,18,37.0,8.3,8337,64,3.06,90.7,18.9,33,99,97.1
75,135,81,13,37.3,7.8,5321,174,1.17,82.9,20.5,30,97,137.4
79,139,70,12,36.7,6.4,1042,39,1.64,79.5,22.8,27,97,99.1
50,128,83,16,36.6,8.6,12784,177,1.53,69.3,31.1,53,96,138.6
60,129,86,12,36.9,7.7,9273,96,1.57,76.0,20.3,38,94,134.0
97,111,70,12,37.4,8.4,10036,18,1.58,55.5,24.0,23,92,90.3
69,111,78,18,37.2,7.5,13455,94,1.42,94.2,19.3,52,93,120.2
51,123,78,18,36.7,5.6,11668,100,1.69,85.0,29.2,46,96,114.8
98,113,89,12,36.8,8.0,3658,72,2.69,61.7,25.6,67,92,131.3
60,114,80,18,37.1,7.3,14012,122,1.23,76.8,29.2,66,93,72.3
75,126,76,17,37.1,8.5,12749,173,1.94,92.4,24.2,65,95,105.5
52,136,88,14,37.0,7.5,10077,21,1.85,81.8,26.8,27,97,86.4
52,110,87,17,37.2,7.9,8544,179,2.71,79.2,20.2,18,95,128.0
87,112,73,12,37.1,7.0,6284,21,2.26,97.2,32.1,22,94,74.8
68,124,87,16,36.9,7.9,12750,28,2.1,50.3,22.5,24,98,138.7
80,129,76,17,37.2,6.5,6938,82,2.45,55.0,26.8,19,96,112.1
98,126,71,13,36.5,7.9,11835,56,2.49,53.7,30.6,25,97,71.2
57,126,74,12,36.7,5.9,13310,119,3.01,90.8,30.8,66,99,76.6
80,120,83,16,37.3,6.0,7254,126,2.24,82.1,22.4,27,94,82.3
81,138,80,13,37.0,6.0,2173,159,3.39,62.7,23.8,20,95,120.4
56,116,87,19,37.3,7.2,8957,53,3.19,74.2,32.1,51,95,76.7
53,125,88,18,37.3,5.5,5057,179,2.64,61.2,24.5,46,98,102.2
62,116,89,17,37.4,7.6,2344,96,2.61,63.0,30.7,67,92,97.8
58,139,79,12,37.3,6.4,10957,106,2.84,93.8,29.6,26,95,87.9
56,138,84,15,37.4,6.6,1545,65,1.78,69.8,19.9,61,97,111.2
67,114,83,14,37.1,5.9,2981,149,1.48,91.2,21.3,63,93,73.0
97,116,81,15,36.8,7.9,4719,22,2.6,97.7,26.4,34,94,127.2
95,139,72,19,37.1,5.2,6007,23,1.14,79.4,30.8,37,99,91.7
69,139,72,12,37.5,5.7,8905,103,2.74,86.4,33.4,36,97,83.3
68,128,77,19,37.4,8.5,7331,153,2.95,96.6,30.9,43,98,95.2
78,123,72,13,37.0,7.7,13870,16,3.29,85.2,31.3,43,91,134.2
54,129,85,14,36.7,5.1,8659,112,3.43,74.6,20.0,41,97,79.8
65,130,78,19,36.9,5.8,5668,31,1.69,91.4,23.2,40,94,117.8
59,117,76,14,36.7,8.2,7340,93,1.39,79.7,22.0,25,99,108.9
52,110,70,16,37.0,6.6,4087,57,2.62,83.4,26.0,32,99,122.2
97,126,89,16,36.7,5.4,11589,102,2.41,64.2,20.9,27,98,122.7
86,139,83,15,37.3,8.3,2455,141,2.68,78.0,19.0,46,95,109.5
90,129,84,15,36.9,5.1,7049,21,1.18,60.4,25.2,25,92,121.8
51,123,74,13,37.0,7.2,9510,136,3.06,63.0,27.4,18,95,126.8
67,120,75,12,37.2,5.8,12810,48,2.06,83.7,31.5,20,95,106.4
70,122,76,15,37.0,5.0,9362,99,1.04,86.0,34.5,62,94,76.0
59,110,88,14,37.3,7.7,11067,125,3.37,76.8,29.8,50,92,85.1
91,120,76,16,36.5,6.7,1666,149,2.71,84.6,18.6,56,91,76.6
64,121,76,19,37.5,7.2,4522,14,2.87,51.3,32.8,30,93,104.5
84,114,77,14,37.4,6.3,2953,66,2.79,50.6,25.2,37,92,72.0
60,128,72,16,36.9,7.6,6888,179,3.19,76.3,34.9,34,99,111.9
59,135,79,17,36.6,5.6,1282,173,2.79,55.9,29.5,23,90,104.3
72,124,89,17,36.8,7.5,6006,171,3.29,79.4,23.0,27,92,108.7
64,139,76,17,36.9,5.6,12418,111,1.59,75.6,31.2,42,98,70.2
79,130,78,14,36.8,5.9,5458,134,1.44,95.8,27.6,64,91,90.3
65,121,84,18,37.1,5.7,1483,161,2.79,55.4,18.7,32,94,104.1
90,116,75,19,36.6,5.4,14590,24,1.38,54.1,30.6,19,98,130.9
51,126,71,17,37.4,5.9,3231,101,2.92,78.4,26.1,56,96,109.7
72,129,76,19,36.7,7.5,2301,36,2.8,52.3,22.3,46,99,97.3
99,122,77,14,37.3,5.7,6622,156,1.44,50.1,29.5,57,95,76.2
89,138,88,12,37.0,5.5,5627,118,2.26,69.8,23.4,42,96,110.9
56,126,82,16,37.2,6.6,2396,101,1.55,95.5,24.9,39,94,98.5
66,119,86,16,37.2,6.3,9522,138,2.0,72.7,30.6,59,92,87.5
64,129,88,17,36.8,8.0,8779,26,2.0,52.9,31.2,33,99,95.2
63,125,74,13,36.8,5.9,13917,167,2.85,70.5,25.5,54,99,102.8
97,128,78,12,36.6,6.2,12499,13,2.49,55.8,27.1,28,96,118.0
78,117,83,19,36.7,8.4,5513,86,1.25,60.8,27.3,29,94,70.3
69,129,73,15,37.3,8.0,5938,72,1.84,67.6,26.2,31,98,132.8
72,131,85,15,36.8,6.9,4790,151,2.12,87.1,24.0,69,92,116.8
57,136,88,15,37.3,6.8,10351,109,2.2,87.7,27.6,41,92,113.1
52,132,80,19,37.3,5.3,4399,63,1.29,82.1,31.7,52,96,104.0
63,124,72,19,36.6,8.1,12022,30,2.11,88.0,31.0,36,91,115.5
89,136,81,15,37.3,6.5,6963,114,2.28,77.8,32.9,53,98,86.4
97,117,85,12,37.4,6.4,5860,50,2.11,54.1,23.3,47,91,84.7
80,114,72,16,36.7,7.8,13846,145,1.78,86.3,33.7,59,98,80.7
79,111,82,14,37.0,7.9,14560,149,1.62,67.9,34.8,63,93,99.5
67,110,74,13,36.9,6.3,3586,18,2.91,79.3,25.3,65,96,129.5
79,118,89,13,37.1,8.0,7307,55,2.37,84.5,31.3,45,90,120.6
90,116,73,17,36.9,5.1,4173,87,1.94,71.5,32.0,61,99,94.5
79,131,75,18,37.1,5.4,11815,130,3.43,55.0,28.3,24,95,107.7
84,126,72,14,37.4,7.4,12678,78,1.9,94.8,34.5,37,92,95.9
61,135,73,18,37.1,6.2,7519,163,2.64,78.0,26.6,20,97,138.2
76,114,84,16,36.9,5.0,1453,68,3.03,65.7,28.1,40,91,135.4
62,124,72,12,36.8,5.9,4526,97,2.46,89.7,26.2,57,90,98.1
55,138,88,18,37.0,5.1,2774,30,1.94,74.5,26.4,19,92,124.0
80,136,73,12,37.0,6.6,11287,81,2.64,88.1,23.6,26,90,100.1
59,126,81,18,37.0,6.7,3008,132,1.63,75.3,20.5,30,99,86.4
79,112,84,15,37.3,8.6,14669,154,3.41,99.3,19.0,66,90,81.6
83,112,78,14,36.7,7.1,8558,158,1.01,63.6,28.7,30,97,97.2
82,118,72,18,36.6,8.9,4220,150,3.36,80.0,29.5,24,97,90.0
76,112,70,17,37.3,5.7,4942,41,2.64,54.6,26.1,44,99,103.3
52,128,87,16,37.5,5.8,7326,75,1.11,67.7,33.0,52,96,74.3
81,127,88,14,37.0,6.9,2680,127,2.09,57.5,24.1,28,91,75.6
56,124,80,13,37.0,7.2,11844,118,3.18,76.8,28.9,30,97,79.0
95,130,76,17,36.9,7.4,12228,75,2.7,51.3,28.0,28,98,136.3
81,137,75,13,37.3,5.4,8190,43,3.23,88.8,24.0,65,95,139.6
67,129,71,12,37.0,8.1,3721,140,2.49,54.4,18.9,25,98,100.5
54,115,70,17,37.1,6.9,5683,80,1.09,74.8,18.7,54,93,125.8
94,125,84,19,37.1,8.2,8700,114,2.82,59.6,25.6,22,99,108.7
93,112,85,12,36.6,6.8,2333,161,1.89,93.0,20.7,41,94,107.1
50,139,83,18,37.4,5.6,11993,81,3.43,55.2,32.9,43,99,76.1
86,113,77,14,36.7,6.1,11572,48,1.23,70.0,34.7,33,94,103.4
59,116,80,12,36.8,8.1,2297,81,2.2,98.5,30.5,48,94,72.9
71,137,72,14,36.9,7.2,10413,22,2.68,50.2,27.9,27,96,118.2
71,126,74,17,37.3,6.0,2879,160,2.49,99.4,34.0,35,93,122.8
64,122,85,17,37.1,7.9,14882,106,2.53,56.9,28.3,23,98,100.6
87,138,89,15,36.6,7.4,2817,173,3.27,81.0,29.9,62,94,129.0
58,115,83,15,37.0,5.2,2772,32,1.49,71.2,19.4,28,98,76.9
97,139,89,16,37.4,8.0,3693,98,2.87,85.5,24.3,68,92,132.3
94,126,83,14,36.7,7.1,9632,120,3.08,60.7,34.4,65,91,113.3
77,136,72,13,36.6,6.7,5301,39,2.99,96.8,27.2,61,95,133.0
81,113,89,17,36.7,7.4,7292,140,3.38,59.5,20.2,35,90,81.3
65,116,79,12,37.0,5.3,1576,149,1.19,64.6,31.3,31,98,113.6
87,133,70,13,37.4,6.9,4979,162,1.94,57.7,34.8,30,96,91.6
84,122,72,16,37.1,8.7,10582,60,1.89,86.5,25.0,32,98,78.7
91,138,84,16,37.4,5.4,11345,95,1.36,65.5,19.5,50,91,118.6
84,118,72,17,37.4,7.3,7342,28,3.15,71.1,21.6,64,98,91.5
62,127,89,12,37.4,7.1,4118,69,2.27,61.6,20.4,24,99,124.3
72,137,71,15,36.5,6.8,4039,102,1.12,68.8,34.5,69,95,118.4
89,131,73,12,37.4,6.0,1804,97,3.08,84.9,21.4,36,99,90.6
50,110,83,16,36.9,6.1,3253,87,1.04,95.4,19.0,42,96,101.6
71,118,87,12,37.4,6.4,12433,146,3.47,70.4,29.8,62,99,123.4
98,122,78,12,37.2,8.1,9907,90,1.03,61.8,27.2,28,99,127.9
87,128,81,13,37.3,7.4,11979,119,1.95,69.4,33.7,60,93,137.6
70,115,72,13,36.9,5.1,10365,15,1.35,57.6,18.8,43,94,138.0
56,113,70,16,36.6,7.9,9401,155,1.56,66.7,21.9,38,91,71.5
66,129,75,15,36.9,8.0,7655,42,2.02,74.6,23.9,32,99,127.6
90,117,78,15,37.1,8.9,3435,41,3.34,83.3,31.5,34,96,131.1
90,112,85,14,36.9,6.1,9472,159,2.37,86.6,29.4,27,99,93.2
72,124,84,17,37.0,7.2,10048,68,2.9,57.9,26.8,55,97,127.5
79,128,79,17,37.3,8.5,12874,78,1.02,64.0,19.0,49,94,125.1
74,112,78,12,36.7,7.0,1256,47,2.69,89.6,19.9,50,92,117.2
73,113,80,14,36.7,5.1,4617,18,2.62,91.9,31.9,53,91,79.6
92,138,77,12,36.9,5.5,11020,72,1.46,51.7,31.9,48,95,77.8
54,114,79,14,36.7,6.6,12500,28,2.39,86.4,34.2,55,92,129.5
90,111,89,19,37.4,7.0,3846,34,1.23,52.6,20.3,68,95,84.3
67,111,82,16,36.6,8.3,4547,60,1.6,80.5,22.2,20,90,128.3
96,128,80,15,36.7,8.7,13140,28,2.15,92.9,19.7,52,95,99.4
74,130,76,14,37.4,7.9,11912,121,1.8,71.4,27.2,66,91,132.5
98,113,71,14,37.3,7.9,11452,42,3.47,55.0,33.4,52,97,108.2
79,116,77,15,37.2,8.9,7031,170,3.48,53.0,19.8,41,97,130.8
60,112,83,19,36.7,5.9,10042,30,2.84,58.1,18.7,51,91,119.2
76,125,78,12,37.1,6.5,10774,55,1.97,69.1,33.9,38,97,97.4
59,127,88,16,36.6,7.0,7415,84,2.46,85.5,30.2,23,96,74.6
50,117,79,15,36.5,6.1,4528,119,1.52,97.2,31.4,55,93,111.2
81,115,83,18,37.4,5.8,2681,125,2.91,84.1,34.2,61,94,88.0
87,121,85,18,37.2,5.2,3858,43,2.62,50.4,22.8,48,95,121.9
60,110,88,16,37.4,7.8,6701,70,1.89,52.3,32.7,50,95,93.3
87,138,88,14,36.5,8.0,14698,22,3.18,63.1,30.4,63,96,93.2
90,122,89,14,36.5,5.5,6695,153,2.44,55.1,24.2,25,93,94.6
64,124,74,13,37.5,9.0,10847,31,2.7,95.2,21.6,26,94,121.0
78,139,87,17,36.7,5.2,2092,18,1.69,52.9,34.5,53,96,77.1
92,127,88,19,37.1,7.0,7300,62,2.11,71.0,24.7,35,90,99.0
97,113,88,12,37.5,5.7,7577,45,3.09,50.5,26.0,35,90,123.4
82,110,85,18,36.7,8.8,1550,63,1.32,65.1,18.6,46,94,80.9
79,127,78,16,36.7,6.4,2384,123,2.28,63.6,32.4,41,90,125.1
73,125,83,13,36.7,5.6,6427,109,1.11,96.2,25.2,51,91,131.6
93,138,71,16,37.0,8.6,4859,117,1.36,60.1,23.8,52,91,113.0
57,110,88,12,37.3,7.6,8446,162,2.54,53.6,22.7,39,95,75.8
81,130,70,12,36.6,5.5,10628,65,1.9,59.8,32.7,42,90,120.8
71,121,80,15,36.7,5.6,8396,110,1.04,72.8,21.2,29,98,79.4
70,116,84,16,37.3,6.9,1288,35,2.62,82.3,28.9,62,97,83.7
54,120,72,18,36.9,8.1,9702,41,3.3,75.7,27.0,25,95,121.3
91,111,70,12,36.6,8.6,13617,75,3.32,80.7,34.4,60,98,113.4
69,133,82,12,36.5,8.4,11739,90,2.47,62.5,33.9,28,90,77.5
71,118,71,13,37.0,5.5,11578,162,3.28,83.6,34.6,41,99,119.8
82,138,70,15,36.5,7.3,10645,172,2.77,83.5,24.2,37,96,75.5
95,117,72,14,36.5,7.7,3654,171,2.96,85.5,24.0,59,95,131.4
58,129,83,17,37.4,8.5,12241,59,2.1,53.2,33.9,31,94,128.7
83,127,73,17,37.3,6.3,5587,60,1.51,79.2,34.1,35,94,126.5
50,136,71,17,36.8,8.9,8921,159,1.25,61.6,27.4,20,98,108.1
53,115,86,19,36.8,5.9,6587,169,1.89,71.8,27.1,55,95,96.9
85,137,70,18,37.3,7.1,7600,112,1.56,95.1,34.5,44,97,119.2
59,138,79,14,37.0,8.6,3948,85,3.3,53.3,29.9,18,95,77.4
78,116,73,13,36.7,7.7,4589,89,2.98,88.7,31.1,33,92,88.8
96,129,89,12,37.4,6.6,12980,40,3.38,83.7,27.8,51,91,78.4
63,138,84,15,36.8,8.9,12745,161,2.3,91.8,28.2,19,99,103.1
50,119,71,14,37.1,5.6,5351,119,2.76,90.1,34.1,28,96,72.2
81,122,88,16,37.0,8.9,5498,43,2.19,98.0,31.9,25,92,96.3
59,129,78,17,36.6,8.6,2128,97,1.49,88.5,22.3,28,90,88.7
53,139,82,18,36.7,6.6,4242,93,3.33,58.7,26.1,69,97,103.5
64,135,70,19,36.8,7.4,12592,153,3.03,76.6,27.2,19,92,86.4
91,111,84,15,36.9,5.8,7101,34,2.06,86.6,32.3,21,95,128.3
75,115,88,17,36.6,6.4,2388,117,2.24,57.0,22.9,68,97,100.5
98,120,83,14,36.9,6.6,4324,54,1.03,75.7,25.4,47,93,82.7
88,135,89,19,36.8,6.0,11836,135,2.22,51.8,32.8,51,97,74.6
74,116,85,13,36.9,8.6,8040,96,2.87,71.8,26.1,54,98,105.2
61,114,83,16,36.9,7.1,3216,79,2.56,95.3,22.5,27,95,115.3
64,118,72,13,36.6,8.0,9851,41,2.13,96.6,33.5,45,97,83.2
62,127,70,12,37.4,5.7,4418,76,1.1,73.4,21.6,39,92,106.6
99,119,77,15,37.3,8.2,3015,149,1.47,69.6,31.6,38,98,78.4
59,125,76,16,37.5,8.1,2510,58,1.03,57.4,31.0,49,93,109.1
96,119,86,19,36.6,6.3,11063,179,2.04,93.1,26.3,29,96,99.8
70,126,88,14,36.8,8.1,9360,18,1.49,96.6,34.2,28,99,91.5
97,134,77,17,37.2,6.4,14469,40,1.97,55.4,21.6,24,96,116.6
79,110,70,15,37.3,5.8,9469,109,1.42,81.9,25.0,64,99,138.0
54,134,85,16,36.9,8.1,10991,162,3.07,93.7,34.4,63,94,113.4
97,119,86,14,36.6,8.4,11568,149,3.18,88.8,25.8,34,93,120.4
96,125,76,12,37.2,6.1,13038,158,2.16,92.2,19.0,56,99,102.7
90,118,88,12,37.1,7.6,1340,99,3.25,75.8,33.9,49,99,130.2
62,117,83,19,37.2,5.7,4398,149,2.05,98.2,34.3,29,96,77.3
96,113,89,18,37.4,7.9,3751,36,1.85,67.8,28.5,61,98,89.4
56,114,85,15,37.2,5.2,1081,160,2.79,98.9,25.2,24,92,114.3
64,111,85,15,36.6,5.5,10623,106,2.65,92.3,23.6,43,97,119.1
74,123,80,15,36.6,8.5,3141,103,2.85,99.1,34.4,43,91,78.9
62,112,80,13,36.8,5.3,10648,93,2.09,92.3,25.5,41,98,127.4
60,127,82,18,37.4,8.5,5438,92,2.47,77.1,20.0,49,94,87.4
63,127,70,15,37.2,6.8,10698,119,3.13,74.2,21.9,67,90,115.1
99,136,88,16,37.5,8.1,2141,124,2.71,51.7,21.3,69,97,93.2
65,134,89,17,37.1,6.9,3485,128,2.65,58.2,22.4,35,91,87.8
78,132,86,19,36.9,8.5,9469,64,3.38,71.9,35.0,66,97,96.8
74,121,88,19,37.1,6.0,9386,96,2.54,72.5,31.3,20,93,118.1
87,133,73,17,36.9,8.2,1251,129,1.03,86.1,20.1,49,90,80.7
56,110,80,19,36.6,8.7,14238,55,3.19,52.4,25.9,51,99,106.2
89,118,70,13,37.0,8.7,14213,84,2.34,65.2,31.6,48,94,108.8
96,120,76,14,36.7,8.6,2205,118,2.18,65.8,18.5,31,92,109.1
71,139,77,18,37.0,6.1,3687,59,1.58,75.8,27.4,50,90,79.6
95,113,81,12,37.0,8.8,8758,77,2.4,74.7,18.5,34,99,137.9
79,124,86,19,36.8,6.5,11379,64,1.02,75.9,27.7,42,97,93.6
74,136,74,14,37.3,5.7,11340,48,1.32,81.4,19.4,36,90,79.2
74,123,76,12,36.6,7.1,9482,48,1.66,50.7,26.0,42,91,128.8
64,110,76,14,36.6,7.9,9509,39,2.18,88.9,23.2,36,93,78.6
71,113,79,15,37.2,7.1,1841,114,1.66,75.2,19.9,19,99,139.4
64,126,88,13,36.8,6.6,13549,34,3.21,80.4,20.0,64,99,109.4
98,124,82,18,36.5,7.7,12697,168,2.7,72.7,27.1,33,94,98.6
73,130,77,13,37.4,6.3,2007,150,2.68,59.1,33.7,33,91,80.7
88,134,74,15,36.7,8.6,3885,75,1.52,82.7,26.0,46,92,104.8
93,119,89,17,36.8,5.1,5915,145,3.17,84.2,18.8,24,98,113.4
99,129,71,19,37.4,6.2,11253,79,3.26,80.5,28.4,36,94,104.9
68,139,85,19,37.2,7.1,12997,47,1.52,90.3,31.3,55,97,86.5
79,136,72,19,36.9,8.2,7790,103,2.14,85.8,21.7,56,97,83.4
93,134,80,19,37.4,6.7,3775,71,1.5,79.3,33.6,26,91,78.8
81,135,82,15,36.7,5.4,13655,120,2.7,53.7,24.6,21,99,124.1
60,116,85,19,37.3,5.3,13726,73,2.19,89.5,19.7,38,95,97.4
92,134,76,17,37.2,6.4,5210,172,1.48,60.6,23.3,34,96,106.8
51,112,76,19,37.5,7.7,10064,175,1.74,78.9,29.8,44,92,110.6
50,115,77,17,36.6,8.9,10841,41,1.46,88.4,25.3,34,94,113.9
64,116,86,15,37.1,8.6,14450,134,1.4,63.0,25.5,51,98,123.3
75,131,86,14,37.3,6.5,8018,65,3.03,69.7,19.3,25,98,85.9
60,110,71,12,37.4,6.7,12771,45,2.34,78.2,22.1,61,94,73.0
74,122,87,12,37.1,5.8,9040,153,1.29,80.4,26.2,18,94,109.6
50,114,86,17,37.3,7.9,12073,57,2.63,80.9,20.0,23,95,118.8
70,125,88,15,37.2,6.9,4731,48,2.86,76.8,21.5,63,96,124.9
75,138,74,14,36.6,5.1,6274,77,2.69,96.2,28.9,32,91,119.8
78,114,82,18,36.9,6.8,13233,102,1.04,56.7,27.8,54,97,79.5
55,114,82,19,37.3,7.0,10899,143,1.91,74.7,29.6,31,93,134.1
64,115,72,12,36.6,7.0,9048,125,2.73,63.1,24.2,60,92,88.3
77,129,85,12,36.7,7.1,5995,69,3.12,60.1,33.6,26,93,116.2
98,113,74,15,37.4,6.8,13203,88,3.08,71.1,33.1,59,94,92.1
86,132,89,19,37.3,8.9,9324,48,1.46,76.4,20.9,27,97,121.4
53,111,81,15,37.2,5.0,11326,110,3.01,78.7,33.8,20,98,74.4
70,119,70,12,36.9,6.1,9866,136,1.05,83.1,28.7,41,91,92.3
76,129,82,17,36.8,7.5,7574,41,3.24,62.0,27.8,26,93,90.1
97,134,84,13,36.6,5.9,4122,71,2.16,68.6,22.8,28,93,82.7
99,128,70,17,37.2,6.5,2097,166,1.51,93.0,27.9,23,99,105.0
74,127,76,17,37.3,5.6,9592,70,2.86,95.6,23.6,26,92,130.2
54,132,86,17,36.9,5.7,13372,43,2.05,73.9,22.6,29,90,85.4
88,112,80,14,36.6,7.4,7474,56,2.07,73.0,35.0,50,99,117.3
99,138,87,19,37.1,7.1,14141,37,1.71,83.5,32.4,21,94,81.6
93,110,72,16,37.3,7.6,7352,36,1.81,76.7,31.9,39,93,131.4
99,138,76,12,37.3,7.1,9118,61,1.2,97.2,31.6,35,93,107.9
66,130,83,14,36.5,5.9,2287,137,2.02,59.9,18.8,49,93,111.4
84,116,87,14,36.9,8.3,10798,53,2.58,62.7,34.8,54,95,127.9
55,115,84,17,36.6,8.2,9379,46,1.97,93.8,31.7,36,90,96.8
69,119,75,14,36.9,8.3,1533,162,2.61,97.9,20.0,27,91,100.6
92,121,80,12,37.0,7.8,12922,90,1.15,84.1,26.8,48,94,106.4
74,136,84,16,37.3,8.1,1504,62,2.71,58.9,33.4,64,91,104.1
88,122,79,16,37.2,5.6,9199,64,1.49,76.0,25.5,45,92,139.1
93,130,70,17,36.5,5.1,4926,133,2.69,66.9,19.4,43,95,70.8
77,129,73,17,37.2,6.2,3118,164,2.38,81.2,22.3,49,93,111.4
65,116,85,15,37.3,5.6,14437,56,1.58,69.7,31.3,57,96,129.8
80,113,73,18,37.4,7.4,10845,77,1.32,94.0,27.0,37,97,134.9
52,122,71,14,36.9,7.9,3257,156,3.38,60.4,34.1,52,90,82.5
62,132,82,14,37.1,5.4,7116,141,1.01,97.6,27.4,59,96,82.7
51,136,72,13,36.8,6.0,4286,130,2.61,71.1,31.4,59,91,110.7
81,135,73,14,37.1,6.5,9647,134,1.91,71.5,23.0,26,99,112.4
64,125,87,19,37.2,5.6,6677,121,1.62,82.5,22.9,51,93,70.8
80,112,71,15,37.4,6.8,12492,90,2.93,57.8,33.7,66,97,100.4
80,115,82,15,36.5,6.0,4692,15,1.46,60.8,27.1,35,98,86.8
82,118,73,19,37.5,5.5,12860,128,2.08,82.3,19.9,58,92,91.0
85,138,76,18,37.2,6.1,8133,27,3.2,61.7,22.8,65,92,121.5
70,120,88,16,37.1,6.1,8368,168,2.2,87.0,33.7,23,90,72.6
64,116,89,12,37.3,8.9,12274,87,1.01,60.0,28.9,46,92,133.5
72,122,88,17,36.9,5.9,8982,172,3.17,59.3,20.1,31,91,116.4
99,139,74,14,37.3,5.3,4407,136,1.52,80.3,30.3,49,95,113.1
50,139,84,12,37.3,8.9,5302,177,1.44,77.4,24.0,68,98,99.0
81,134,79,17,37.4,5.8,4693,174,3.23,67.3,23.4,32,92,121.2
98,115,86,12,36.9,6.6,3173,52,2.3,69.9,20.1,32,93,128.0
74,111,83,13,37.3,6.2,14812,127,3.11,69.5,22.7,54,94,72.7
84,112,80,12,37.4,6.6,14186,156,3.33,79.8,27.6,61,96,97.1
54,115,74,15,37.4,5.2,10640,40,1.32,61.3,27.3,46,92,133.7
57,131,88,14,37.4,8.7,7028,138,1.16,80.1,20.5,69,93,84.5
64,125,77,15,36.7,6.9,1831,163,3.03,53.1,22.7,26,96,74.9
86,116,76,12,37.2,7.6,12217,61,2.1,69.8,29.9,69,99,129.4
80,126,76,12,36.8,7.8,2387,162,3.29,89.8,26.4,40,91,102.1
55,124,82,13,37.2,7.0,14108,32,3.36,96.3,21.4,38,93,124.1
71,111,88,16,37.3,6.8,8450,35,3.45,77.1,32.3,52,92,132.3
76,137,79,14,37.2,5.6,10393,13,1.47,70.7,27.6,40,93,78.0
60,124,73,18,36.9,8.2,7576,125,1.23,66.1,27.1,28,90,76.8
52,127,87,15,37.5,8.1,8019,43,3.0,88.3,21.9,50,96,125.5
89,133,83,13,37.4,6.8,9684,67,2.47,74.6,23.1,25,96,116.6
51,130,76,13,36.6,7.7,10482,131,2.01,52.3,23.2,56,98,101.1
82,138,77,17,37.1,8.4,8347,52,2.25,87.0,30.6,60,94,86.0
61,110,83,15,36.9,5.9,4549,136,2.76,52.5,27.0,63,91,81.8
93,128,77,12,37.1,8.0,1114,82,3.13,69.0,25.6,60,91,87.3
61,114,75,14,37.4,6.4,13261,153,2.39,93.0,31.1,38,99,112.4
94,130,87,13,36.8,7.2,9264,122,1.02,83.7,29.8,58,92,94.1
80,123,81,18,37.2,6.9,2511,71,2.14,91.9,24.4,24,93,134.7
77,127,89,14,37.1,7.0,10522,84,2.81,70.7,33.2,56,90,71.6
90,134,87,17,36.8,5.6,7994,170,1.03,94.4,22.3,57,97,114.0
71,137,77,17,36.9,8.4,7446,76,1.16,77.6,29.7,67,98,108.6
56,135,81,14,37.5,7.7,4153,121,2.34,64.2,20.8,62,91,99.7
61,125,80,16,37.3,7.3,9411,29,1.37,86.6,24.1,55,91,126.5
61,118,86,17,36.7,8.8,7895,173,2.46,81.7,27.5,28,91,93.3
73,135,89,16,36.6,6.7,7448,69,1.65,70.1,34.5,36,93,108.6
61,138,71,16,37.2,5.4,5011,155,2.43,93.5,21.6,64,99,126.2
80,120,84,16,37.1,5.7,2536,40,2.2,75.6,28.5,18,95,121.7
63,131,89,13,37.3,8.3,14853,31,2.9,86.8,34.2,55,94,104.3
86,136,84,13,37.4,8.3,11142,77,2.08,93.0,25.6,18,96,116.9
85,114,78,15,36.9,5.5,12446,45,1.14,58.6,22.6,25,98,70.5
92,113,79,16,37.1,8.1,2053,179,2.32,87.7,21.5,61,91,99.0
96,123,89,16,36.9,5.6,7303,33,2.89,78.1,25.6,24,90,99.8
65,135,77,15,37.5,5.9,2783,95,1.0,56.9,22.9,27,91,99.1
90,139,82,19,36.6,8.7,6078,136,3.03,63.6,26.2,60,95,98.0
57,129,84,18,37.3,6.2,9979,34,2.02,55.6,30.0,26,93,87.3
92,118,89,16,37.0,8.9,4640,150,2.97,79.1,21.5,63,92,75.4
90,125,89,13,36.8,5.9,2428,113,3.16,98.4,25.5,64,92,101.3
81,127,76,17,36.9,8.8,5013,46,2.17,87.3,23.2,60,90,86.6
96,127,85,19,36.9,5.6,11289,72,3.43,82.5,31.1,27,93,127.5
93,117,85,14,37.2,5.2,7141,137,2.08,67.4,26.9,48,96,94.1
80,132,76,16,37.3,6.3,9967,86,2.98,83.2,23.4,63,95,111.8
98,111,72,17,36.8,5.8,7047,34,1.93,90.4,20.9,38,96,74.9
73,138,77,14,36.8,6.7,6074,167,1.23,92.7,24.3,22,97,124.6
61,132,75,19,36.7,8.1,2141,36,1.86,90.7,26.2,22,93,110.7
83,119,70,17,36.9,6.4,13615,81,1.91,64.1,31.7,19,98,120.0
99,135,77,13,37.0,6.6,11340,98,3.48,59.0,32.9,37,96,125.8
92,126,79,13,37.3,6.7,9659,60,1.87,99.0,25.7,36,99,90.4
69,123,86,15,37.0,8.2,2501,144,3.26,74.2,34.8,18,98,106.1
57,112,88,17,36.9,7.9,6709,177,2.68,79.6,26.7,30,92,88.0
63,132,87,18,36.9,6.8,10326,159,2.73,74.9,23.9,67,98,122.2
76,118,77,14,36.5,7.1,13917,61,2.72,96.0,23.6,45,94,83.8
95,125,74,16,37.0,7.5,5712,45,2.31,58.2,33.4,58,94,88.8
80,134,75,17,37.1,8.1,9840,158,2.35,69.7,18.6,28,92,96.8
62,116,75,19,37.1,8.4,9413,96,2.47,92.6,21.0,68,92,85.8
63,135,85,13,37.0,5.8,11366,25,2.5,86.5,33.9,23,92,116.0
87,115,73,13,36.5,6.9,4668,161,1.89,74.8,22.3,34,95,106.1
53,131,77,14,37.3,7.8,13849,11,2.14,88.8,29.5,21,96,134.0
59,125,72,18,37.3,7.0,8166,16,1.61,90.9,35.0,50,99,103.2
90,118,79,17,36.5,8.4,1284,32,1.39,56.3,31.8,58,96,88.5
82,139,85,12,37.3,6.4,5428,176,1.22,58.6,34.1,21,92,105.6
92,127,79,18,37.3,8.7,12504,126,3.1,74.0,27.2,30,93,87.1
87,137,74,12,37.3,7.9,14352,48,3.12,55.2,25.8,53,94,82.3
61,123,88,16,36.8,6.2,3726,122,3.05,97.3,25.6,34,99,112.6
52,130,84,12,37.2,6.8,10744,141,2.85,64.9,33.3,67,93,82.9
60,124,70,15,37.0,8.5,7329,178,1.99,89.8,18.6,44,97,71.7
67,117,86,14,37.3,5.8,3739,96,2.23,84.8,25.9,32,96,132.4
99,134,76,17,36.9,8.2,4637,136,2.34,61.3,27.2,61,98,129.3
78,111,84,19,37.1,6.7,7112,148,3.19,63.0,27.3,55,90,137.7
57,136,89,15,36.7,5.7,14652,52,1.71,63.3,20.8,37,92,103.7
50,133,77,12,37.4,6.9,7419,143,2.35,62.7,19.5,45,97,113.8
62,134,89,13,37.3,5.2,5380,62,1.73,55.7,25.1,66,99,123.0
76,110,79,16,36.8,8.9,13351,64,2.01,59.8,25.8,58,95,82.0
86,126,77,14,36.7,5.1,5353,121,1.36,81.6,27.1,50,98,78.3
67,128,75,12,37.4,5.5,3394,103,3.15,57.1,26.0,49,92,130.6
91,113,77,15,37.2,7.2,2893,130,3.43,53.7,28.4,29,99,97.7
84,139,80,15,36.8,5.4,13615,117,3.12,85.1,26.2,41,99,128.1
69,126,89,17,37.2,5.1,2127,85,1.84,95.5,22.5,55,91,113.0
59,116,88,14,37.4,6.5,8072,73,2.77,68.5,32.1,22,98,85.1
82,136,74,13,37.2,8.4,4908,170,3.36,57.5,29.7,42,97,129.2
67,125,77,13,37.1,8.7,5502,56,1.17,98.2,23.0,47,96,89.2
59,128,77,15,36.6,6.0,5901,23,3.13,73.3,21.9,31,96,135.1
75,131,74,13,37.5,5.3,7517,132,3.12,63.4,23.0,30,93,117.0
75,134,73,16,37.5,5.3,1066,38,2.78,68.6,30.5,43,92,136.3
57,116,78,14,36.6,7.5,12750,49,1.87,81.1,23.0,49,99,108.9
75,113,76,14,37.4,7.2,8186,83,1.07,94.4,34.2,28,93,85.2
94,113,84,18,36.5,6.4,5557,129,2.68,93.8,20.1,21,95,91.6
99,133,74,16,36.8,7.2,9808,29,2.73,50.4,29.1,36,93,78.3
85,134,81,13,36.7,6.9,11762,123,3.14,61.2,23.0,23,99,112.4
95,131,80,12,37.3,6.1,8248,66,1.33,66.5,24.9,49,98,90.0
87,119,87,19,36.5,7.5,4992,74,2.73,66.3,19.1,41,96,137.0
72,123,88,16,37.2,7.7,10352,130,2.61,53.1,21.2,48,98,92.5
72,130,81,16,37.3,5.1,4037,93,3.34,69.7,26.4,47,99,132.4
84,134,82,17,37.0,6.5,12543,146,2.57,69.9,26.8,32,92,118.4
52,121,72,14,36.6,8.3,13516,168,2.76,85.6,22.6,53,93,90.1
81,121,72,14,36.5,5.0,7201,131,1.48,66.1,22.9,55,91,92.4
81,114,82,14,37.0,6.0,13957,79,1.71,86.8,28.6,19,90,123.9
58,111,75,19,37.3,6.7,5846,72,3.24,84.6,22.9,59,93,77.3
83,110,72,15,37.2,6.8,5024,69,2.41,57.6,30.7,19,92,138.9
80,133,80,14,37.1,5.7,5293,93,1.22,89.8,24.0,42,96,132.0
84,119,78,17,36.5,8.2,6763,96,1.93,98.0,22.6,62,99,110.7
83,113,80,16,37.1,8.6,4528,134,3.22,63.0,18.7,57,94,138.2
57,119,81,15,37.4,6.2,4761,178,2.33,87.2,25.9,67,95,133.5
56,137,85,14,37.5,7.0,9078,64,2.27,64.3,34.3,40,94,117.1
88,133,83,13,37.1,6.1,2983,95,2.96,87.5,33.6,63,93,131.9
63,118,75,17,36.5,5.2,2620,116,2.18,65.6,24.9,64,90,104.6
69,137,72,16,37.3,8.7,6080,132,1.49,51.1,25.2,49,90,99.3
91,134,82,18,36.7,7.7,14690,49,3.33,98.2,20.1,51,96,132.9
74,114,85,14,36.6,6.6,8167,164,2.11,89.4,24.9,24,94,125.7
58,113,73,18,37.3,8.7,10245,54,2.03,62.1,21.6,50,97,76.1
69,126,80,14,37.2,5.7,11136,82,1.94,66.9,30.4,65,95,132.1
82,122,82,19,37.4,7.9,6813,42,3.41,77.9,31.0,51,93,97.1
89,129,77,17,37.3,6.2,2160,178,2.25,64.3,23.1,26,97,106.4
83,116,73,19,37.4,8.7,8854,60,3.28,61.2,20.3,52,97,133.3
86,123,74,13,36.8,5.7,7563,79,1.61,52.9,18.8,52,98,91.7
57,116,72,12,37.1,7.2,8278,25,2.54,87.6,23.1,18,90,108.6
80,111,88,19,36.8,8.8,1498,80,3.23,57.2,24.7,43,97,108.2
51,139,77,16,36.8,6.0,9714,54,1.68,83.4,20.1,47,98,77.9
95,117,81,14,36.5,6.0,4043,10,2.18,79.0,20.7,58,98,89.7
51,127,73,13,37.0,6.8,7679,49,2.55,91.0,29.0,48,97,113.4
60,120,79,19,37.1,5.8,6409,19,1.38,86.0,19.7,39,96,132.8
59,132,76,15,36.6,5.9,3713,179,1.95,88.3,25.3,44,99,127.7
94,110,71,17,36.9,6.8,3635,139,3.24,68.5,29.8,40,99,118.9
86,126,73,13,36.6,8.6,11185,27,1.76,50.7,27.8,28,99,75.3
66,131,89,15,37.1,8.5,14467,47,1.83,53.6,34.2,32,92,92.4
79,126,73,19,36.7,8.3,8586,92,1.51,58.4,28.8,32,93,83.4
88,124,88,17,37.3,8.4,9531,14,1.18,84.9,20.7,38,95,76.2
77,116,81,16,36.6,7.9,4260,134,2.73,58.3,21.9,42,95,121.0
59,120,82,12,36.5,8.1,9121,111,2.28,92.0,21.4,59,91,125.6
92,121,85,13,36.9,6.5,13998,36,2.19,64.0,34.5,41,94,85.0
69,116,81,16,36.6,8.7,12395,161,2.25,94.4,33.8,46,98,79.4
59,134,83,17,37.2,7.5,9109,27,1.46,55.6,19.1,69,90,137.8
54,113,72,18,36.9,5.1,9548,126,1.91,94.5,32.2,20,99,101.9
52,121,71,14,37.4,6.8,14372,134,2.31,58.5,26.8,59,95,81.7
50,137,82,13,36.9,5.4,14159,22,2.36,76.9,30.9,37,98,131.0
97,112,84,19,36.5,5.5,4738,153,2.85,91.7,31.9,32,92,126.9
77,111,82,14,37.1,5.1,12582,174,2.68,76.8,20.0,40,99,71.8
71,125,72,17,36.6,5.2,8847,177,1.44,66.1,21.8,36,91,109.7
65,138,74,12,36.6,8.2,14863,148,3.29,66.3,19.2,48,93,113.0
56,119,89,16,37.3,7.9,13549,92,1.18,78.1,27.7,20,93,137.3
61,135,76,15,36.7,5.9,2109,110,1.43,82.4,29.7,64,95,136.7
99,139,70,15,36.9,6.2,1766,77,1.51,68.4,19.4,23,99,71.7
55,134,71,17,37.0,5.1,7465,50,2.43,60.4,33.0,26,92,114.5
90,136,86,19,37.3,8.4,1330,40,3.3,97.8,26.0,46,92,89.6
81,127,72,14,36.9,8.6,8081,168,1.68,71.2,30.1,68,90,83.4
57,136,72,15,36.7,5.7,10302,42,2.61,67.5,24.9,41,97,93.0
89,139,85,15,37.0,8.1,9201,50,2.14,71.1,33.1,63,92,87.2
54,129,81,12,37.3,6.6,8799,56,3.11,51.6,22.9,20,90,125.4
74,139,87,14,36.6,6.9,7735,163,1.42,95.8,29.7,69,94,134.5
84,125,79,18,37.4,5.9,9078,58,1.44,63.6,32.7,22,90,103.9
70,131,73,16,36.9,5.2,4074,125,2.81,59.8,21.7,62,97,123.9
74,134,86,13,36.5,9.0,13025,124,1.01,52.4,30.4,32,96,116.5
95,111,76,19,37.2,5.7,2018,143,1.98,82.9,33.7,25,92,79.4
79,113,72,13,36.8,6.5,11549,139,1.27,91.2,34.3,28,90,82.3
91,122,88,19,36.7,8.9,3417,57,1.42,72.7,22.1,53,98,110.0
70,132,83,16,37.0,6.0,3945,151,2.72,67.0,20.3,19,93,82.0
72,118,78,19,37.3,8.5,10069,105,1.53,64.9,23.5,65,99,76.7
94,120,76,12,37.1,7.1,12935,16,1.56,81.9,26.1,20,91,132.3
64,135,72,14,37.1,7.1,4324,74,2.78,57.4,33.3,23,97,104.7
51,110,87,19,37.3,5.9,12706,131,2.71,88.4,22.2,61,97,116.4
84,110,75,17,37.0,7.7,1202,173,2.23,80.9,33.2,35,93,137.2
66,122,86,17,37.5,6.0,3491,144,2.53,95.9,30.5,43,97,91.3
52,111,74,15,37.1,7.4,1273,169,1.29,60.8,29.1,24,99,104.2
61,126,83,18,36.5,8.0,9695,69,3.08,72.3,26.8,21,99,117.7
59,127,88,13,36.8,8.3,6582,135,1.99,57.3,34.1,62,93,133.0
63,113,83,12,36.9,5.2,14824,40,1.24,67.6,22.2,34,98,116.7
79,129,72,17,36.5,8.7,1230,92,2.59,56.2,24.3,63,91,107.1
95,120,76,18,36.6,5.8,6694,37,1.25,61.4,26.4,32,93,126.1
75,110,85,17,37.2,5.4,12115,134,1.43,56.2,32.3,57,93,85.0
70,111,74,19,37.2,8.2,14423,83,1.72,87.3,20.2,57,99,132.7
74,120,77,12,37.2,5.6,7218,44,1.25,78.9,24.4,55,93,131.4
67,136,77,17,37.2,5.9,8910,122,2.59,77.9,27.5,34,91,121.9
72,137,78,15,36.8,7.7,5008,114,3.32,86.9,24.3,27,91,117.3
61,128,71,15,36.6,7.4,12830,92,2.86,67.0,23.8,19,90,73.7
63,114,77,12,36.8,8.4,12792,136,1.11,70.7,34.7,30,94,99.8
55,133,77,15,37.3,8.2,2238,142,2.96,90.0,31.5,31,91,113.6
83,117,71,15,37.2,6.0,8140,132,3.06,89.7,30.3,19,92,114.7
67,119,76,13,37.5,8.4,7432,110,3.39,67.7,34.1,52,96,122.6
54,133,75,15,37.1,5.8,8973,109,2.43,69.3,22.5,60,96,86.0
54,136,71,18,36.8,6.9,9183,75,2.51,96.6,19.2,37,90,113.7
58,117,72,12,36.6,8.9,6799,92,1.55,58.4,21.9,23,96,90.4
96,120,80,12,37.2,8.8,7403,63,2.69,75.4,31.4,24,96,126.1
76,136,80,13,36.7,7.8,6802,39,3.13,57.7,31.4,50,95,106.2
70,132,70,12,36.9,7.3,9606,175,2.96,91.8,34.0,62,99,94.6
64,128,79,17,37.4,5.8,6680,78,1.11,99.7,27.4,35,98,77.4
58,112,70,16,37.3,7.6,10123,64,1.74,63.8,30.7,21,91,104.4
95,119,76,19,36.7,8.0,11430,138,3.14,84.5,22.0,65,94,128.7
89,128,70,19,37.3,8.8,7968,72,1.85,85.5,26.0,56,97,84.9
59,114,78,19,36.6,8.5,4093,100,3.21,65.7,34.6,30,92,125.3
90,116,77,16,36.8,6.4,6533,92,3.3,92.3,33.0,33,92,121.2
89,113,70,19,36.8,5.2,6003,148,2.87,83.9,28.2,46,97,88.4
98,110,71,12,36.8,8.9,8821,125,3.22,58.4,21.4,58,91,117.4
87,118,87,14,37.4,7.8,13175,129,1.64,57.0,27.6,54,99,103.6
67,126,77,18,37.4,7.2,14029,140,2.33,91.3,32.6,34,91,73.5
57,124,70,12,36.6,5.8,7313,177,2.19,73.4,29.5,68,97,138.9
71,137,77,16,37.4,7.7,7909,164,3.24,69.8,25.0,47,92,115.7
77,126,74,16,37.2,8.2,9970,140,1.04,87.9,24.5,33,99,109.0
71,112,81,12,37.0,8.8,6573,166,2.43,58.3,33.4,47,97,119.2
75,134,74,13,36.8,8.0,10741,175,2.11,58.0,24.7,24,93,80.8
97,111,88,12,37.1,8.5,11616,168,1.06,72.5,22.1,32,91,119.1
63,119,82,17,36.5,6.4,2488,124,1.08,57.3,19.8,60,92,84.9
68,119,72,12,36.6,6.1,7387,176,1.74,57.1,30.4,33,99,138.3
53,129,74,17,36.6,7.8,1873,13,3.1,79.1,25.9,34,98,77.1
61,137,85,19,36.7,6.3,13072,84,2.75,91.2,26.8,30,97,111.3
92,136,84,16,37.0,6.2,1899,91,2.16,64.0,33.5,27,93,80.9
92,123,84,14,37.4,6.2,11776,14,2.51,89.6,18.9,61,95,132.2
62,122,85,16,36.9,8.9,2857,22,1.89,84.4,30.3,43,96,85.4
71,131,71,19,36.6,7.6,9603,61,3.42,53.3,29.5,59,97,72.2
98,116,86,16,36.6,8.7,11958,168,2.49,61.1,25.0,34,91,121.0
93,125,70,12,37.0,6.9,6716,152,2.01,69.1,19.2,35,99,115.1
95,129,88,12,37.4,6.8,2815,115,1.76,95.0,26.0,51,99,132.2
73,129,77,12,37.3,7.7,10977,125,3.13,89.3,22.8,57,90,101.5
96,112,88,18,37.3,7.1,3076,171,1.35,52.2,30.2,68,94,75.8
84,114,83,18,37.1,5.5,6841,60,1.37,66.3,25.9,45,93,130.4
51,118,86,18,36.9,5.1,2232,48,3.16,93.3,27.3,33,94,121.9
72,112,73,13,36.5,8.0,10002,49,1.45,50.6,29.6,46,95,90.3
93,112,85,17,37.4,6.8,1944,129,1.71,92.9,22.5,18,92,106.9
65,119,84,17,37.1,6.7,8964,143,3.38,79.8,27.2,27,92,104.7
65,118,76,16,37.1,5.6,4467,149,1.52,80.2,24.9,30,94,95.0
84,114,82,14,37.2,5.8,5915,47,3.44,68.5,27.8,55,96,73.1
68,113,76,17,36.6,6.3,10148,88,2.5,65.7,31.1,23,91,112.3
97,139,73,16,36.9,8.7,9606,110,1.6,74.2,28.3,69,95,97.3
57,125,74,17,36.9,7.4,9644,165,3.18,54.5,31.6,55,92,133.0
65,120,78,12,36.8,5.9,13017,137,3.24,63.3,20.6,54,92,82.2
86,120,76,17,36.5,5.3,11793,46,1.2,70.2,20.8,60,95,88.8
81,131,71,14,37.0,7.3,14411,37,2.97,59.8,26.5,59,95,90.3
60,133,79,13,36.9,8.7,5576,92,2.69,99.4,34.8,57,95,120.5
81,121,87,13,36.5,7.8,2325,96,3.14,57.5,32.9,19,91,71.5
80,113,80,18,36.9,7.0,9771,162,2.13,55.7,34.9,19,95,115.5
52,125,84,19,37.1,7.7,13436,90,1.91,87.8,31.3,26,95,75.0
57,110,79,13,36.5,6.3,4619,125,2.25,84.4,31.1,59,92,114.6
72,136,71,19,37.0,8.8,4288,125,2.28,81.5,27.3,57,98,82.3
91,117,88,15,37.5,6.7,3994,112,3.0,72.6,29.7,43,90,94.3
75,130,78,13,37.4,5.2,14916,79,3.06,81.6,29.4,41,97,107.9
81,132,83,13,37.0,8.3,9379,86,1.8,88.1,26.3,22,93,116.7
74,124,86,18,36.5,6.4,8449,138,2.5,83.7,30.1,45,91,111.2
81,117,87,16,37.2,7.5,10183,112,1.55,97.7,30.8,29,92,107.1
50,137,76,16,36.8,7.4,10817,140,2.2,98.3,21.9,51,99,113.4
60,118,78,13,36.7,5.8,3994,93,1.05,82.5,20.9,33,94,74.6
69,123,79,16,36.6,6.4,5109,20,2.55,59.0,19.9,46,91,79.0
62,115,83,13,36.5,6.3,14566,171,1.41,75.8,23.4,67,96,137.3
73,124,76,15,37.3,7.0,5286,26,1.59,69.1,22.1,30,93,94.8
50,128,88,17,37.2,8.7,1064,39,1.69,64.9,31.7,46,98,120.0
63,110,79,16,37.5,5.2,13168,101,2.03,81.8,22.5,54,99,139.6
50,125,74,18,37.4,5.7,5229,114,1.97,60.0,25.5,69,99,92.8
67,133,87,12,37.5,8.4,6928,68,2.09,76.6,34.6,32,94,100.7
64,129,76,16,36.8,8.9,3689,60,1.27,56.4,33.0,60,94,134.7
77,122,74,14,37.0,6.2,10987,136,2.83,88.2,30.5,24,95,138.0
82,126,83,14,37.3,6.4,1656,141,1.63,56.0,24.1,52,98,116.4
50,114,86,18,36.9,8.7,10023,53,3.15,81.1,22.9,57,96,136.3
53,110,75,16,36.8,7.8,8786,134,2.77,82.6,32.6,30,90,77.5
77,118,71,13,37.1,7.0,6982,57,2.55,92.5,22.6,41,91,107.0
96,114,77,19,37.0,7.2,8956,120,1.77,60.9,22.9,51,97,133.5
62,122,78,15,37.2,8.3,2057,40,1.91,91.2,32.3,39,96,119.5
72,122,75,13,36.7,7.1,1083,13,3.24,92.1,25.7,40,95,73.9
67,130,80,14,36.9,7.4,8709,75,2.24,67.6,23.2,65,90,71.5
93,132,88,13,37.3,7.5,2197,41,2.34,82.0,31.1,27,94,85.9
53,117,73,15,37.4,6.5,14388,37,1.1,51.4,24.9,54,93,82.1
72,132,79,15,37.0,6.8,12981,163,2.52,77.0,32.8,26,93,81.4
83,120,86,12,36.9,7.1,10745,142,1.41,68.3,33.2,24,96,111.7
97,137,86,16,36.9,8.2,13619,42,1.6,59.2,22.7,18,97,124.2
50,126,82,19,36.8,7.8,3664,29,2.81,53.5,30.5,55,97,115.9
95,129,80,12,37.1,7.2,13110,124,1.59,99.3,30.3,18,99,100.6
68,110,79,15,36.5,7.4,12008,59,1.6,93.0,34.8,62,97,126.5
60,121,88,17,37.4,6.2,14101,151,1.13,69.7,32.7,49,98,92.2
98,128,77,16,36.7,7.9,5258,116,1.32,76.7,33.0,19,91,82.0
51,115,83,17,37.3,7.0,14492,153,2.61,91.8,20.7,35,90,73.1
88,110,83,14,36.5,5.4,5793,58,1.09,62.9,26.5,22,96,108.0
79,118,81,16,37.5,6.0,1780,13,2.72,64.4,21.8,61,99,122.2
99,116,80,18,37.4,5.8,6863,95,3.48,98.9,22.2,49,99,131.5
66,135,79,13,36.8,5.5,3009,26,2.71,82.3,24.2,47,92,96.9
78,135,75,12,37.3,6.1,3860,42,1.03,78.8,31.1,18,97,136.9
95,123,86,16,37.0,6.5,7589,130,3.29,82.5,22.7,41,97,127.9
99,117,74,16,36.8,5.6,14181,86,1.93,56.2,23.0,57,90,96.8
76,127,72,13,36.7,8.3,7101,167,2.25,61.4,21.1,65,98,70.1
60,117,83,12,37.1,8.9,4855,155,2.53,95.1,29.6,21,93,116.6
90,138,85,15,37.5,8.8,12772,139,3.28,70.3,18.9,22,96,70.8
86,122,73,14,37.3,7.6,3626,136,2.14,55.3,22.4,45,98,78.7
71,120,82,17,36.8,5.8,4722,150,1.55,93.0,34.9,18,94,134.0
77,110,70,13,37.3,7.2,5395,74,1.46,57.4,30.0,45,97,136.9
56,111,73,13,36.5,5.5,4218,23,2.94,61.7,23.8,53,94,96.8
58,110,85,16,37.0,7.6,1327,137,3.28,50.1,33.9,64,97,108.7
50,110,76,13,37.4,7.9,1460,169,1.03,66.4,28.0,53,98,108.9
89,112,76,17,37.3,5.0,11780,19,1.97,71.5,19.1,21,90,107.2
66,127,73,13,36.7,6.7,3054,144,3.23,59.2,25.4,61,97,121.0
89,126,87,13,37.1,7.8,1118,11,2.27,74.4,31.0,34,97,128.7
51,131,71,19,37.3,5.4,5516,88,1.62,59.8,27.6,39,97,73.3
61,122,86,18,37.1,7.0,7955,165,1.78,71.2,26.6,47,90,106.8
83,114,84,12,37.2,7.9,13595,167,1.91,96.6,29.0,34,94,83.1
65,113,75,19,36.5,8.3,3662,19,3.35,82.6,18.7,41,91,123.1
91,119,78,12,36.8,8.2,10922,122,2.96,60.9,19.5,46,94,100.6
84,131,75,14,36.8,8.7,10843,102,3.22,53.4,26.4,45,92,116.3
68,110,72,14,37.2,6.8,11766,42,3.22,63.6,27.4,65,96,138.4
69,130,88,19,37.1,8.8,8448,166,1.67,61.3,24.3,39,99,108.0
84,137,86,19,37.1,7.2,7038,140,2.69,67.0,34.4,61,95,73.1
92,112,78,14,36.7,6.6,13597,97,2.28,62.6,29.1,40,90,122.3
73,112,73,13,37.5,8.0,9053,113,2.66,67.6,19.8,23,98,83.6
79,122,71,19,36.7,6.5,6124,69,3.29,57.6,28.9,56,90,77.8
65,119,79,13,36.7,7.5,9012,169,1.65,87.9,33.9,32,96,139.6
83,116,84,13,37.2,6.0,1484,39,1.35,58.0,18.6,38,99,109.2
53,111,73,13,36.7,7.3,10549,127,2.32,57.3,31.7,41,98,139.6
79,122,85,12,36.8,6.9,7569,130,3.44,59.0,20.0,62,97,102.9
64,112,82,19,37.0,8.8,3537,118,2.72,63.2,23.3,34,93,137.6
86,134,82,16,36.9,8.3,2551,101,1.9,62.6,20.6,61,94,128.5
87,111,78,19,36.7,8.8,3333,13,1.96,82.2,20.9,42,92,103.2
90,134,77,13,36.6,6.8,2502,82,1.46,65.0,31.1,48,93,93.3
74,138,80,14,37.3,8.7,4894,16,1.11,83.6,27.3,52,95,71.8
94,117,86,12,36.9,6.4,2546,62,1.65,99.0,28.7,57,91,73.3
86,128,83,13,37.0,8.6,14052,170,2.9,67.2,34.0,35,97,72.0
67,137,82,17,37.1,8.1,9020,160,2.2,75.1,33.6,41,92,105.7
90,110,83,15,37.4,6.8,8088,116,1.63,58.5,26.1,20,93,138.5
65,114,74,16,37.1,8.2,4077,133,2.85,58.3,20.3,54,97,70.5
83,138,74,17,37.4,6.0,9894,151,1.17,51.9,32.0,21,99,99.4
63,125,78,19,36.8,8.3,13846,77,2.36,66.6,27.1,19,90,99.8
61,117,86,18,36.7,8.8,12032,110,1.21,83.2,28.3,30,95,78.1
86,132,79,15,37.2,6.8,11244,119,1.32,68.5,25.3,43,98,74.0
53,118,72,19,36.5,7.7,8023,158,2.3,94.1,25.0,64,95,139.3
96,117,75,15,36.6,8.6,11744,168,1.09,68.5,21.3,65,99,74.0
88,127,73,19,37.1,8.6,3300,125,2.95,78.2,22.2,21,91,125.9
92,124,83,17,37.4,6.9,6892,41,2.32,82.0,22.5,35,94,112.7
94,118,88,19,37.0,8.5,4292,88,1.87,57.7,30.2,24,92,122.9
78,126,73,19,37.3,6.0,12261,122,3.35,65.8,31.7,21,98,117.5
74,135,87,13,37.4,8.0,10439,98,3.17,75.2,20.4,24,99,90.3
96,121,79,14,37.2,5.0,10130,11,1.79,76.2,28.8,29,90,125.9
78,135,81,15,36.9,5.4,8074,40,1.35,87.0,20.2,51,98,87.4
81,127,72,13,37.0,6.1,14143,92,1.36,74.4,29.8,26,95,112.1
57,127,87,14,37.4,8.0,3882,42,1.98,96.3,25.7,38,95,102.2
72,136,87,14,37.4,8.5,2069,42,3.47,75.0,21.6,24,90,134.2
99,133,83,16,37.0,8.2,9583,84,1.31,66.4,22.7,40,91,117.7
78,112,86,14,36.6,5.5,4857,80,1.55,88.5,31.3,30,99,82.7
89,114,88,14,37.4,7.1,5504,19,1.89,79.3,25.7,58,92,81.7
59,128,77,16,37.3,8.5,8711,120,1.43,72.0,24.8,34,96,113.5
84,119,83,19,36.6,5.4,9162,36,3.09,81.5,20.6,58,96,124.5
72,135,81,17,37.4,7.9,4615,58,2.59,73.1,27.9,61,98,91.3
84,120,89,12,36.6,7.8,12456,176,2.54,83.1,32.1,28,94,118.2
99,118,86,13,36.7,6.1,9040,169,3.02,79.8,22.8,61,99,99.3
89,129,87,18,37.0,7.3,9314,18,2.31,57.9,18.5,19,98,75.1
69,122,76,19,36.8,7.4,14967,37,2.77,88.0,24.8,45,98,81.1
56,111,86,15,37.5,9.0,7932,41,1.27,97.4,27.7,23,91,74.6
73,132,76,16,37.3,7.5,2940,78,3.18,92.4,23.8,53,95,128.0
89,131,89,13,37.2,8.0,5077,105,2.01,69.8,21.7,21,91,108.9
77,111,72,18,37.2,7.0,4267,116,2.31,95.1,20.4,37,90,138.7
72,139,71,18,36.9,7.4,1172,53,2.49,95.6,27.9,68,92,94.4
51,135,70,13,36.8,7.4,3146,35,2.83,89.7,20.3,30,96,96.9
77,118,79,13,37.1,5.7,13155,63,3.25,80.4,19.8,26,93,78.8
91,133,76,12,37.1,5.4,9145,151,2.28,97.6,21.9,45,96,70.4
59,128,81,16,37.4,6.6,2713,116,1.86,63.6,26.3,30,91,132.9
68,130,71,15,37.0,6.2,8908,66,1.66,94.9,33.3,43,92,124.7
82,130,79,19,36.9,5.7,14302,60,1.44,67.5,29.6,22,91,121.0
88,136,71,16,37.1,5.3,9071,19,3.45,62.3,22.2,42,93,126.0
95,116,74,12,37.2,6.9,10285,68,3.42,74.5,26.2,29,98,121.8
71,137,80,12,36.9,6.8,4310,96,1.98,88.3,32.5,56,90,132.4
72,116,81,15,37.0,8.4,10663,117,1.36,84.9,21.9,55,98,113.5
58,112,70,14,37.1,6.3,9685,113,1.38,56.6,23.2,60,98,97.2
98,130,84,16,37.2,8.3,1920,30,3.4,60.9,25.1,23,97,139.4
99,110,74,16,36.7,8.8,1932,135,2.01,50.6,26.0,53,96,134.4
76,127,76,18,36.7,5.3,4851,61,1.34,61.1,21.2,30,91,73.0
86,116,71,17,37.4,7.3,10609,113,3.03,79.0,28.3,46,99,118.8
78,134,83,12,37.4,5.4,14535,29,1.85,59.7,32.5,24,99,124.8
78,134,74,18,36.6,7.6,10904,65,2.79,86.7,29.0,69,90,122.9
96,117,83,16,37.5,5.0,8471,71,2.91,56.3,33.1,33,90,116.9
52,123,80,13,36.7,7.9,1500,20,1.42,96.1,28.6,31,94,73.4
63,134,73,18,37.4,7.8,5147,60,2.91,70.2,29.6,49,97,82.6
83,134,86,17,36.6,5.2,10870,61,2.19,64.5,19.3,55,94,88.6
94,126,81,12,36.6,6.3,3959,129,2.8,93.8,19.2,60,96,137.6
80,128,81,14,37.4,7.5,4961,173,1.56,85.0,19.3,32,98,103.5
91,134,75,14,37.2,5.2,8437,55,1.01,98.9,31.8,47,99,85.8
86,139,71,12,37.2,5.3,5813,157,1.15,85.6,33.2,60,94,117.5
74,121,86,17,36.9,6.9,10284,138,1.22,91.5,31.1,54,98,80.2
67,136,89,17,37.2,5.1,3745,174,1.51,62.7,25.1,46,97,119.7
79,121,87,17,36.7,7.3,11206,156,2.07,78.7,31.1,61,97,89.9
61,134,87,18,37.0,9.0,3681,50,2.46,56.6,27.8,28,99,128.0
60,127,79,13,36.8,7.7,5294,104,2.03,66.6,26.4,30,98,71.8
81,122,73,12,37.3,5.3,8875,168,2.22,73.1,29.7,62,95,86.7
87,119,85,18,37.2,7.3,12417,179,1.32,53.9,20.8,64,97,122.1
83,114,80,18,36.7,6.4,2323,100,2.67,92.0,31.4,40,97,130.6
80,127,72,13,37.2,5.0,10949,73,3.33,80.0,19.0,33,98,112.8
61,110,76,16,36.9,5.5,13630,13,3.18,61.5,30.3,42,94,74.9
65,130,84,13,37.4,7.6,11891,173,1.05,95.9,22.2,37,95,81.2
53,133,88,13,36.7,8.0,5949,42,2.55,97.4,26.2,34,90,139.9
51,132,71,12,37.0,9.0,8185,174,2.5,71.3,22.1,36,94,90.5
85,135,82,17,37.1,5.5,12058,146,3.47,92.3,25.5,53,97,83.3
66,110,87,13,37.1,8.9,9820,97,2.09,57.0,27.6,29,90,73.5
92,121,79,15,36.9,5.1,7040,38,1.34,73.5,18.8,20,92,90.8
53,137,80,15,37.3,6.7,12091,68,3.03,50.4,23.7,52,94,109.3
95,131,74,19,37.4,8.7,12799,94,3.27,52.0,19.9,39,92,105.4
95,132,87,13,36.5,8.4,8897,141,1.74,74.0,28.7,22,97,91.4
60,128,84,14,36.7,8.1,12135,126,2.92,78.5,28.8,26,92,139.9
93,138,88,15,36.8,8.9,5347,117,3.29,55.1,24.4,21,92,103.1
64,138,75,16,37.1,5.1,12172,130,1.01,88.3,34.3,26,97,101.6
94,120,77,16,37.2,5.7,8904,123,1.51,96.3,27.1,21,90,119.3
99,119,89,12,37.3,8.7,8019,14,3.02,95.6,24.6,27,97,78.8
59,130,70,19,37.5,8.7,13294,40,2.04,73.6,29.6,43,97,100.0
67,130,76,17,37.1,5.9,2089,121,2.51,92.0,25.0,40,93,125.8
59,134,87,19,37.1,6.7,5196,153,2.7,79.3,22.8,37,96,92.3
52,113,80,18,37.5,8.2,3465,133,1.85,78.8,28.8,34,92,82.0
89,128,75,14,36.5,7.5,10121,165,2.84,60.2,19.0,56,99,103.2
61,111,73,18,37.1,5.6,3127,176,3.38,97.7,28.6,63,97,104.7
57,125,79,17,37.0,6.6,12380,29,1.81,96.7,34.6,66,93,136.2
61,128,74,17,36.5,6.3,1241,85,1.63,93.6,28.4,69,99,136.5
81,113,83,12,36.9,8.7,8119,123,3.13,88.5,33.9,44,96,76.8
93,126,79,15,36.8,8.0,5526,175,2.35,60.5,33.0,28,93,95.8
66,126,70,15,36.9,8.0,7908,113,2.87,94.8,21.2,40,97,77.3
78,124,89,18,37.4,5.1,13522,110,1.98,92.8,26.2,69,94,120.6
59,123,73,17,37.0,6.1,13161,99,2.01,67.5,31.7,41,98,85.0
71,110,84,18,37.0,6.7,4940,53,2.88,68.6,21.8,62,92,107.5
69,119,73,13,37.5,8.0,6441,74,1.67,94.9,21.8,39,92,86.5
84,123,89,12,37.3,8.8,11195,14,3.02,79.1,21.9,32,90,108.8
82,136,87,13,36.5,7.0,13717,152,1.19,51.4,32.2,53,95,103.0
56,139,81,13,37.1,6.4,11521,154,2.42,96.6,24.4,28,92,116.5
70,118,88,18,37.1,5.3,12702,58,2.0,69.7,34.9,68,92,122.7
52,121,82,16,37.5,6.5,6084,174,2.15,89.5,19.8,20,92,73.1
85,134,78,14,36.8,8.3,14996,128,2.48,96.2,22.3,46,98,123.9
75,113,72,12,36.7,7.9,1739,129,2.79,52.6,29.0,53,97,72.4
55,123,75,16,37.4,8.8,13195,160,3.39,80.1,24.4,64,96,82.8
56,135,82,12,36.6,7.5,5268,40,1.14,80.1,28.6,30,90,131.7
87,129,79,17,37.4,5.1,9808,85,1.67,58.3,27.5,18,95,119.4
89,138,82,13,36.7,5.9,5941,178,2.6,67.3,32.3,43,97,126.6
68,126,89,19,37.0,8.1,1825,169,1.39,69.6,20.0,31,99,76.3
83,133,73,17,37.4,5.4,14819,102,3.26,86.5,31.6,58,92,136.7
92,119,82,14,36.8,6.1,10490,111,1.68,73.6,32.5,31,99,108.4
91,136,82,18,36.6,7.6,7381,13,2.56,83.9,23.6,54,98,112.6
79,120,74,13,36.7,8.0,8133,170,2.24,51.0,19.5,61,93,77.0
89,136,77,18,37.3,7.7,5861,74,2.04,68.0,22.0,22,90,117.8
72,137,84,13,36.6,5.4,9510,37,2.39,64.5,30.7,66,92,73.9
61,118,74,13,37.0,7.5,3909,42,1.91,95.7,21.9,22,97,134.0
94,117,82,15,37.5,6.8,2620,92,1.73,97.3,20.8,58,93,88.8
54,125,77,13,36.8,5.6,4907,148,1.76,88.7,23.8,25,94,77.4
66,135,79,13,36.7,8.1,11971,157,1.5,88.7,33.6,55,99,84.8
88,119,84,18,37.4,6.5,4540,140,3.1,96.8,27.0,23,99,125.8
68,129,74,12,36.5,6.8,10496,40,2.76,50.8,26.7,37,93,93.3
63,117,84,13,37.5,6.6,2600,128,2.11,82.7,19.7,46,93,89.2
85,134,88,18,36.6,7.9,11992,86,3.25,91.2,22.5,39,90,100.1
94,110,73,16,37.0,6.3,14242,38,2.76,74.9,26.8,34,99,120.1
77,113,84,15,36.9,6.0,11565,19,1.45,91.0,26.6,40,95,130.8
87,126,77,13,37.4,7.2,8126,162,3.15,88.4,24.9,42,92,79.6
93,132,78,18,37.3,8.0,2892,82,2.5,58.6,19.8,47,92,92.7
69,124,71,16,37.2,8.0,9047,119,2.45,65.2,30.0,29,99,73.3
77,129,76,17,36.9,5.8,5763,83,1.69,68.9,27.9,61,93,72.6
80,110,84,19,37.3,5.6,6381,144,2.57,81.8,22.3,31,97,95.9
80,139,77,16,37.1,7.7,13672,114,2.8,74.3,30.0,60,95,139.5
81,122,78,18,36.5,7.2,1191,22,2.21,87.0,25.8,49,94,90.0
91,112,83,13,36.8,8.4,3604,42,1.17,68.6,21.2,25,95,97.5
81,133,83,15,36.8,8.9,10076,119,1.89,87.4,20.3,68,98,125.8
84,130,75,19,37.4,5.1,2585,33,2.97,55.2,23.5,35,96,113.6
71,119,71,19,37.0,8.3,11889,140,3.44,91.5,31.8,22,98,103.9
64,128,74,19,37.2,6.2,11647,83,3.07,94.4,34.6,58,99,132.7
62,137,80,14,37.0,5.0,13025,101,2.29,90.3,23.1,31,91,92.1
71,118,80,18,37.2,8.2,13016,83,2.13,79.5,34.9,59,96,103.2
75,119,88,12,36.7,5.5,6219,62,2.89,89.8,34.9,25,99,138.6
82,125,88,16,36.9,7.0,11943,173,2.87,98.8,20.5,37,99,135.8
97,125,74,17,37.3,5.7,14914,111,1.99,96.0,30.5,61,95,83.9
67,111,82,14,37.0,7.5,6146,111,1.28,78.6,32.5,63,97,131.4
77,112,78,14,37.0,8.7,1508,143,2.54,67.8,28.5,40,93,83.0
76,128,72,12,36.8,7.9,11671,107,1.73,81.5,20.7,66,91,116.0
91,110,78,18,37.3,7.9,6198,24,3.09,58.6,22.4,37,90,90.0
91,129,84,13,37.2,7.2,5811,179,2.91,83.2,32.3,68,97,118.1
82,125,82,18,36.7,7.3,6014,164,2.64,72.6,25.6,25,97,125.4
60,119,75,17,36.8,7.8,13600,32,1.15,98.3,20.4,18,92,128.7
83,113,76,15,36.6,8.7,8736,112,3.26,78.4,25.5,52,99,78.4
90,112,77,17,36.7,7.6,10828,142,2.74,60.2,27.1,64,92,105.4
65,122,77,14,36.8,6.0,12318,106,1.75,71.2,21.0,32,95,72.4
73,128,88,15,36.6,8.3,4914,93,1.13,91.5,27.9,38,94,138.9
92,132,72,13,37.2,8.5,12540,167,2.42,89.2,20.5,42,91,81.9
51,111,87,18,37.5,6.8,1888,50,1.42,54.8,27.8,66,90,71.6
90,138,82,18,37.2,7.4,10279,126,2.69,65.8,18.5,40,95,71.8
76,135,88,12,37.1,6.2,4664,86,3.43,82.6,30.4,26,91,75.7
88,125,88,14,36.9,8.2,12362,50,1.71,60.9,22.8,68,99,123.4
95,119,78,18,36.9,6.4,14163,100,2.84,74.8,27.9,26,95,70.1
86,120,82,19,36.8,7.6,1769,153,3.26,87.0,22.2,50,93,139.5
58,131,89,15,36.9,5.4,8990,92,3.02,78.0,22.4,63,98,139.2
87,120,79,16,36.6,7.7,5261,11,3.28,55.0,23.3,64,96,110.1
81,126,72,17,36.9,5.0,7643,58,3.41,66.8,27.5,69,90,70.3
50,133,88,17,36.8,7.8,4352,50,1.47,87.5,21.2,39,90,92.7
93,111,83,19,37.4,5.5,11189,38,3.03,51.2,20.6,32,95,121.2
85,120,85,18,37.3,7.3,6914,118,1.16,76.1,19.2,65,91,132.5
65,131,77,15,37.3,7.3,7356,146,2.25,66.6,20.6,50,91,108.8
93,120,78,16,36.6,5.7,1072,165,2.77,62.2,29.5,56,97,125.4
85,131,70,18,37.0,6.7,10010,87,2.64,99.2,24.4,51,93,79.0
80,139,84,19,36.8,5.2,13931,38,3.35,51.8,32.4,68,94,88.4
50,120,75,15,37.0,6.4,3642,22,1.7,80.4,33.9,37,98,135.2
73,117,85,17,37.2,6.4,13592,164,1.91,75.7,21.5,44,94,124.7
77,137,70,19,36.9,7.2,2810,123,1.32,96.6,31.0,57,98,125.4
53,122,73,19,36.8,6.3,10100,97,3.4,97.4,23.4,31,93,110.1
55,135,81,12,36.9,7.3,10234,113,1.11,75.6,33.3,34,95,83.2
50,126,77,16,36.8,5.8,7643,148,3.05,51.8,29.9,30,93,81.8
62,120,88,17,36.7,6.3,3199,155,1.3,54.2,28.7,59,97,101.3
52,111,72,18,36.9,5.1,1632,114,2.43,83.9,33.7,51,91,134.3
87,130,73,17,37.2,5.7,5706,124,1.13,72.8,34.3,49,93,100.8
96,111,81,17,36.6,5.7,4043,70,1.11,96.5,32.1,19,93,131.9
65,134,78,18,36.6,6.8,14229,166,3.0,65.9,28.7,58,93,131.2
60,112,81,12,36.7,5.8,4348,78,2.05,86.7,25.4,18,94,108.4
73,115,75,16,37.3,7.1,10424,71,1.45,71.8,34.4,57,93,128.4
97,132,81,18,36.6,8.6,6684,167,1.49,65.6,21.8,68,91,119.4
64,116,88,13,36.8,7.8,4676,22,1.28,77.4,23.9,47,99,127.6
67,120,78,17,37.2,8.8,8586,144,2.89,84.9,34.1,50,90,126.4
61,110,81,12,37.0,6.5,8869,26,2.22,68.4,30.4,46,96,114.0
70,112,85,17,37.4,8.3,14113,93,3.31,88.3,25.6,59,96,138.1
79,110,77,12,37.4,5.6,13360,46,3.21,51.6,28.1,28,93,78.8
74,114,88,13,36.8,8.7,3102,93,2.88,53.4,23.2,30,99,104.7
73,137,71,13,36.9,6.1,6985,136,2.26,57.2,27.5,19,90,115.8
98,115,72,14,36.5,7.7,12771,41,2.22,52.7,33.9,23,98,119.6
63,132,82,17,36.8,6.0,13664,80,1.98,96.7,32.9,27,96,123.9
56,133,73,12,36.6,6.1,4334,104,1.71,90.6,33.4,62,94,131.8
60,111,75,17,36.6,6.8,1315,85,2.2,91.9,28.5,64,91,117.8
60,116,84,19,36.9,7.8,12089,84,3.31,80.8,24.1,32,99,137.2
76,122,77,13,37.2,7.4,6294,77,1.88,98.9,20.6,55,99,114.1
61,138,73,17,37.2,7.5,12369,15,2.86,83.3,30.4,29,94,129.1
62,131,79,12,37.2,7.5,7363,169,2.3,65.0,29.3,36,97,115.6
83,115,77,19,36.5,5.1,6954,153,1.35,84.6,24.8,23,96,101.1
54,115,81,18,37.4,7.6,9816,19,1.96,70.5,28.8,47,92,95.7
86,134,87,17,36.5,7.0,14070,44,1.77,64.1,31.8,27,97,117.0
98,115,86,19,37.1,8.8,9378,56,2.6,62.9,19.0,28,98,121.3
65,125,71,19,37.0,6.0,1267,125,2.04,72.6,27.8,53,93,104.6
84,133,71,18,37.2,7.5,13305,36,2.55,71.3,30.4,53,95,132.6
55,127,87,19,36.5,5.3,1940,112,2.42,98.6,19.9,19,97,135.2
81,116,73,14,37.5,7.2,4622,108,2.09,50.5,29.0,27,97,138.7
51,111,77,16,36.7,8.4,10688,159,1.5,62.1,24.4,38,99,130.6
83,126,75,15,37.0,8.9,2694,145,3.15,91.0,20.3,31,99,82.4
66,123,87,16,36.7,8.4,12505,107,2.32,56.0,23.1,26,98,120.9
86,132,74,17,36.9,5.3,2881,88,2.09,65.5,18.9,61,98,75.6
82,112,87,19,37.1,7.2,12375,163,1.1,55.6,31.2,53,97,96.7
70,120,87,14,36.8,5.5,4547,34,2.05,99.3,21.3,38,99,127.7
58,137,87,13,36.9,6.0,14333,57,1.95,57.0,19.1,35,92,105.3
54,127,76,14,37.0,8.7,7038,179,2.0,69.9,21.7,20,95,129.7
87,125,79,14,37.2,5.9,4803,60,1.01,83.1,18.8,36,93,133.5
65,127,84,17,37.2,5.1,11686,119,1.82,61.9,24.7,66,95,134.5
89,118,87,15,37.5,6.0,9868,172,2.75,74.3,23.2,57,97,91.3
96,132,72,19,37.2,5.7,13182,172,1.42,77.7,34.5,18,96,102.2
58,135,74,15,37.0,5.2,4159,41,3.26,98.1,23.3,57,96,80.9
96,117,76,15,37.4,5.5,14006,28,1.81,65.7,22.2,35,99,111.7
78,129,87,14,37.2,6.1,1284,43,1.44,84.6,20.9,38,91,80.9
57,126,79,16,37.5,8.0,10099,71,3.49,60.9,29.6,51,99,87.3
82,125,85,14,37.4,6.1,13672,162,1.59,88.6,22.9,22,99,96.0
66,126,78,12,37.4,6.1,10993,137,1.33,86.0,26.8,42,98,107.8
88,132,88,14,37.4,6.1,7453,163,1.76,53.8,23.5,40,99,80.8
72,130,70,15,37.0,8.4,2707,115,2.42,92.6,31.4,34,93,72.5
63,129,83,12,37.3,8.3,11628,162,2.84,56.5,22.6,59,90,84.7
93,120,82,16,36.8,8.1,1048,86,3.16,55.0,34.2,37,99,139.3
71,116,78,13,36.8,5.8,2931,63,3.05,70.2,21.4,46,97,97.9
51,136,75,19,37.1,7.1,6198,20,2.95,74.7,26.0,55,92,99.6
66,112,80,17,36.6,8.7,7512,156,1.29,54.6,25.6,20,93,121.0
95,116,82,12,36.6,5.9,13487,16,1.99,77.3,31.6,39,90,78.8
54,131,85,14,37.0,7.0,2881,74,1.05,54.7,32.7,35,93,103.0
66,134,82,18,36.6,8.3,7250,52,1.65,59.5,25.5,36,98,86.5
83,110,70,18,36.9,5.3,5692,78,3.31,87.1,24.3,45,98,115.9
71,115,77,14,36.6,7.4,10406,153,1.97,72.8,27.3,51,91,112.5
86,115,74,16,36.7,8.5,9319,53,1.14,96.1,34.8,37,96,119.1
90,138,77,17,37.3,5.8,5355,159,2.4,56.9,18.9,56,99,96.2
59,124,73,18,36.5,7.8,2374,145,1.98,77.2,25.6,45,94,84.4
53,122,88,19,36.9,8.3,7217,178,3.23,92.4,26.2,55,95,116.9
86,117,74,18,37.4,5.1,3979,154,1.96,76.2,21.4,52,93,118.9
92,124,70,16,37.5,7.2,5118,35,1.41,55.1,26.3,57,91,137.3
62,139,87,16,37.3,8.7,4653,10,2.07,70.5,30.2,55,90,74.0
52,123,73,15,37.1,5.8,14169,73,3.27,97.5,22.2,60,94,110.7
58,115,73,19,37.3,5.2,4007,162,2.88,66.3,32.1,42,91,89.3
70,135,89,17,37.2,6.0,11346,24,1.72,82.5,26.2,46,91,79.2
91,111,72,19,37.4,8.7,9041,36,3.48,85.2,19.8,18,95,112.9
56,136,89,12,36.6,6.7,4576,164,1.32,95.8,21.5,67,99,77.6
79,127,88,17,36.9,6.8,12250,69,2.99,93.9,21.8,64,93,116.5
82,124,84,14,37.5,5.1,14547,65,3.38,63.0,19.8,44,90,96.3
97,133,88,18,36.9,8.1,12248,11,2.93,61.5,19.0,61,95,111.4
63,118,85,16,37.0,8.4,11353,115,2.37,59.3,23.2,65,99,123.5
57,139,74,13,37.4,6.4,9624,102,1.92,71.8,23.2,47,90,79.3
53,118,70,18,36.7,6.0,10374,162,3.1,52.3,29.4,34,97,99.8
96,114,71,19,37.1,6.4,8944,160,2.9,80.8,19.9,67,94,71.7
87,121,80,13,37.4,5.2,6022,178,1.13,76.4,26.2,22,97,128.6
82,118,82,12,36.8,8.2,1016,147,1.01,81.3,28.5,61,98,112.4
93,115,74,13,37.3,8.7,8735,144,1.25,80.5,30.5,41,90,108.3
83,135,81,16,36.9,8.2,14340,57,3.35,79.9,31.9,43,98,79.0
59,114,75,17,36.9,5.1,2354,91,1.07,51.2,23.6,44,96,79.6
77,132,82,18,37.4,6.2,9956,172,1.82,72.3,21.1,47,92,96.8
58,115,79,12,36.6,8.9,3599,114,2.66,85.9,30.5,43,98,90.2
75,115,70,16,36.6,5.1,9364,21,2.73,79.2,30.1,56,99,125.5
88,112,73,18,36.8,7.2,10939,86,2.52,52.1,29.6,46,99,136.0
72,117,82,19,36.8,5.1,2532,113,1.12,89.8,32.1,25,96,115.9
89,128,81,19,37.0,8.4,4908,52,2.49,78.2,27.6,67,91,100.0
59,114,89,19,37.4,7.4,6713,141,1.24,97.7,29.4,23,97,123.8
58,119,76,12,36.8,6.0,3110,157,2.76,52.8,23.4,26,92,91.4
77,130,83,16,37.3,6.7,2304,90,2.01,81.4,27.4,20,90,124.8
89,125,70,19,37.0,8.9,14330,72,2.02,67.2,19.0,18,94,95.4
72,113,75,15,36.9,6.9,14397,32,1.53,95.3,20.1,28,96,103.7
70,130,77,18,37.2,8.4,4022,141,2.88,54.4,30.6,30,99,77.3
60,127,82,17,37.2,8.7,3768,25,2.88,70.8,20.5,65,97,97.0
85,132,70,17,37.3,5.2,2687,125,3.21,75.1,28.2,64,97,98.8
78,112,87,17,36.6,7.6,9999,82,2.96,67.7,30.1,24,90,79.8
51,131,77,19,36.8,5.4,7332,173,2.67,58.6,26.1,55,97,123.7
86,118,76,12,36.9,6.9,7416,67,1.07,97.7,34.7,62,98,137.3
83,120,82,19,36.8,5.2,9878,11,2.8,65.2,21.9,38,99,83.0
82,130,77,16,37.4,6.2,14025,91,2.81,92.0,18.6,35,96,110.7
60,122,78,19,36.8,5.4,7097,77,1.87,62.0,21.8,60,93,110.7
93,127,75,19,37.1,8.9,14143,100,2.11,70.3,24.8,59,90,131.1
62,117,71,18,36.6,9.0,6240,143,1.59,93.9,19.2,26,97,120.9
95,111,87,15,36.6,8.3,14832,22,3.42,69.9,27.9,21,94,85.2
83,134,72,14,37.1,6.5,12624,134,1.38,60.9,21.9,54,93,85.0
87,118,72,18,36.6,8.1,2397,100,3.4,89.7,30.0,36,94,81.4
82,114,71,19,36.9,6.8,7178,153,1.45,67.8,32.6,56,94,138.6
58,135,82,12,37.3,7.0,10745,133,1.26,85.6,28.7,21,99,91.0
85,116,73,18,36.5,8.3,5176,51,2.67,61.3,29.4,45,95,75.6
94,125,70,14,36.5,6.7,2769,90,2.16,78.4,22.7,69,95,127.8
72,128,85,19,36.5,6.6,6382,96,1.01,64.4,33.4,55,93,99.5
56,110,72,16,37.0,5.7,4956,39,2.81,67.3,26.4,54,94,127.9
73,122,78,19,37.0,5.9,14153,159,1.71,52.3,24.8,38,93,105.1
69,129,88,13,37.5,6.8,6404,17,2.48,69.6,26.8,25,99,97.3
54,118,82,14,37.1,7.6,6871,155,2.53,75.6,33.0,44,94,123.5
70,120,73,19,37.4,8.6,6695,118,3.47,77.7,25.6,65,96,135.3
61,125,89,17,37.2,5.7,9389,36,2.07,84.4,33.2,64,96,76.9
99,110,77,15,36.5,7.5,2610,149,2.02,90.6,32.0,64,95,109.6
80,129,83,18,36.6,7.6,9441,38,2.45,78.3,33.6,57,91,115.1
81,114,83,13,36.9,5.5,12410,158,2.47,61.1,34.7,36,94,77.1
